   0.3944  -0.0718  -0.0545  -0.0603  -0.0420  -0.0139  -0.0756  -0.0872  -0.0074  -0.0548
  -0.0718   0.4665  -0.0554  -0.1185  -0.0693  -0.0606  -0.0434  -0.0132  -0.0824  -0.0493
  -0.0545  -0.0554   0.4838  -0.0574  -0.0044  -0.0788  -0.0923  -0.0615  -0.0978  -0.0842
  -0.0603  -0.1185  -0.0574   0.4387  -0.0266  -0.0754  -0.0298  -0.0561  -0.0361  -0.0679
  -0.0420  -0.0693  -0.0044  -0.0266   0.4553  -0.1063  -0.0645  -0.0755  -0.0327  -0.1257
  -0.0139  -0.0606  -0.0788  -0.0754  -0.1063   0.4483  -0.0505  -0.0152  -0.0783  -0.0578
  -0.0756  -0.0434  -0.0923  -0.0298  -0.0645  -0.0505   0.4892  -0.0696  -0.0770  -0.0858
  -0.0872  -0.0132  -0.0615  -0.0561  -0.0755  -0.0152  -0.0696   0.4493  -0.0961  -0.0627
  -0.0074  -0.0824  -0.0978  -0.0361  -0.0327  -0.0783  -0.0770  -0.0961   0.4636  -0.0498
  -0.0548  -0.0493  -0.0842  -0.0679  -0.1257  -0.0578  -0.0858  -0.0627  -0.0498   0.5302
