   0.3595  -0.0549  -0.0425  -0.0772  -0.0294  -0.0214  -0.0510  -0.0675   0.0077  -0.0762
  -0.0549   0.4062  -0.0318  -0.1249  -0.0697  -0.0370  -0.0304  -0.0280  -0.0536  -0.0447
  -0.0425  -0.0318   0.4532  -0.0273   0.0111  -0.1108  -0.0970  -0.0717  -0.0638  -0.0863
  -0.0772  -0.1249  -0.0273   0.4502  -0.0269  -0.0591  -0.0420  -0.0402  -0.0392  -0.0779
  -0.0294  -0.0697   0.0111  -0.0269   0.4370  -0.0983  -0.0649  -0.0730  -0.0454  -0.1085
  -0.0214  -0.0370  -0.1108  -0.0591  -0.0983   0.4389  -0.0334  -0.0238  -0.0831  -0.0347
  -0.0510  -0.0304  -0.0970  -0.0420  -0.0649  -0.0334   0.4912  -0.0682  -0.0837  -0.0891
  -0.0675  -0.0280  -0.0717  -0.0402  -0.0730  -0.0238  -0.0682   0.3826  -0.0440  -0.0290
   0.0077  -0.0536  -0.0638  -0.0392  -0.0454  -0.0831  -0.0837  -0.0440   0.3970  -0.0567
  -0.0762  -0.0447  -0.0863  -0.0779  -0.1085  -0.0347  -0.0891  -0.0290  -0.0567   0.5254
